0.25 0 0 
0.5 0 0 
0.75 0 0 
1 0 0 
1.25 0 0 
1.5 0 0 
1.75 0 0 
2 0 0 
2.25 0 0 
2.5 0 0 
2.75 0 0 
3 0 0 
3.25 0 0 
3.5 0 0 
3.75 0 0 
4 0 0 
4.25 0 0 
4.5 0 0 
4.75 0 0 
5 0 0 
0.25 0.263158 0 
0.5 0.263158 0 
0.75 0.263158 0 
1 0.263158 0 
1.25 0.263158 0 
1.5 0.263158 0 
1.75 0.263158 0 
2 0.263158 0 
2.25 0.263158 0 
2.5 0.263158 0 
2.75 0.263158 0 
3 0.263158 0 
3.25 0.263158 0 
3.5 0.263158 0 
3.75 0.263158 0 
4 0.263158 0 
4.25 0.263158 0 
4.5 0.263158 0 
4.75 0.263158 0 
5 0.263158 0 
0.25 0.526316 0 
0.5 0.526316 0 
0.75 0.526316 0 
1 0.526316 0 
1.25 0.526316 0 
1.5 0.526316 0 
1.75 0.526316 0 
2 0.526316 0 
2.25 0.526316 0 
2.5 0.526316 0 
2.75 0.526316 0 
3 0.526316 0 
3.25 0.526316 0 
3.5 0.526316 0 
3.75 0.526316 0 
4 0.526316 0 
4.25 0.526316 0 
4.5 0.526316 0 
4.75 0.526316 0 
5 0.526316 0 
0.25 0.789474 0 
0.5 0.789474 0 
0.75 0.789474 0 
1 0.789474 0 
1.25 0.789474 0 
1.5 0.789474 0 
1.75 0.789474 0 
2 0.789474 0 
2.25 0.789474 0 
2.5 0.789474 0 
2.75 0.789474 0 
3 0.789474 0 
3.25 0.789474 0 
3.5 0.789474 0 
3.75 0.789474 0 
4 0.789474 0 
4.25 0.789474 0 
4.5 0.789474 0 
4.75 0.789474 0 
5 0.789474 0 
0.25 1.05263 0 
0.5 1.05263 0 
0.75 1.05263 0 
1 1.05263 0 
1.25 1.05263 0 
1.5 1.05263 0 
1.75 1.05263 0 
2 1.05263 0 
2.25 1.05263 0 
2.5 1.05263 0 
2.75 1.05263 0 
3 1.05263 0 
3.25 1.05263 0 
3.5 1.05263 0 
3.75 1.05263 0 
4 1.05263 0 
4.25 1.05263 0 
4.5 1.05263 0 
4.75 1.05263 0 
5 1.05263 0 
0.25 1.31579 0 
0.5 1.31579 0 
0.75 1.31579 0 
1 1.31579 0 
1.25 1.31579 0 
1.5 1.31579 0 
1.75 1.31579 0 
2 1.31579 0 
2.25 1.31579 0 
2.5 1.31579 0 
2.75 1.31579 0 
3 1.31579 0 
3.25 1.31579 0 
3.5 1.31579 0 
3.75 1.31579 0 
4 1.31579 0 
4.25 1.31579 0 
4.5 1.31579 0 
4.75 1.31579 0 
5 1.31579 0 
0.25 1.57895 0 
0.5 1.57895 0 
0.75 1.57895 0 
1 1.57895 0 
1.25 1.57895 0 
1.5 1.57895 0 
1.75 1.57895 0 
2 1.57895 0 
2.25 1.57895 0 
2.5 1.57895 0 
2.75 1.57895 0 
3 1.57895 0 
3.25 1.57895 0 
3.5 1.57895 0 
3.75 1.57895 0 
4 1.57895 0 
4.25 1.57895 0 
4.5 1.57895 0 
4.75 1.57895 0 
5 1.57895 0 
0.25 1.84211 0 
0.5 1.84211 0 
0.75 1.84211 0 
1 1.84211 0 
1.25 1.84211 0 
1.5 1.84211 0 
1.75 1.84211 0 
2 1.84211 0 
2.25 1.84211 0 
2.5 1.84211 0 
2.75 1.84211 0 
3 1.84211 0 
3.25 1.84211 0 
3.5 1.84211 0 
3.75 1.84211 0 
4 1.84211 0 
4.25 1.84211 0 
4.5 1.84211 0 
4.75 1.84211 0 
5 1.84211 0 
0.25 2.10526 0 
0.5 2.10526 0 
0.75 2.10526 0 
1 2.10526 0 
1.25 2.10526 0 
1.5 2.10526 0 
1.75 2.10526 0 
2 2.10526 0 
2.25 2.10526 0 
2.5 2.10526 0 
2.75 2.10526 0 
3 2.10526 0 
3.25 2.10526 0 
3.5 2.10526 0 
3.75 2.10526 0 
4 2.10526 0 
4.25 2.10526 0 
4.5 2.10526 0 
4.75 2.10526 0 
5 2.10526 0 
0.25 2.36842 0 
0.5 2.36842 0 
0.75 2.36842 0 
1 2.36842 0 
1.25 2.36842 0 
1.5 2.36842 0 
1.75 2.36842 0 
2 2.36842 0 
2.25 2.36842 0 
2.5 2.36842 0 
2.75 2.36842 0 
3 2.36842 0 
3.25 2.36842 0 
3.5 2.36842 0 
3.75 2.36842 0 
4 2.36842 0 
4.25 2.36842 0 
4.5 2.36842 0 
4.75 2.36842 0 
5 2.36842 0 
0.25 2.63158 0 
0.5 2.63158 0 
0.75 2.63158 0 
1 2.63158 0 
1.25 2.63158 0 
1.5 2.63158 0 
1.75 2.63158 0 
2 2.63158 0 
2.25 2.63158 0 
2.5 2.63158 0 
2.75 2.63158 0 
3 2.63158 0 
3.25 2.63158 0 
3.5 2.63158 0 
3.75 2.63158 0 
4 2.63158 0 
4.25 2.63158 0 
4.5 2.63158 0 
4.75 2.63158 0 
5 2.63158 0 
0.25 2.89474 0 
0.5 2.89474 0 
0.75 2.89474 0 
1 2.89474 0 
1.25 2.89474 0 
1.5 2.89474 0 
1.75 2.89474 0 
2 2.89474 0 
2.25 2.89474 0 
2.5 2.89474 0 
2.75 2.89474 0 
3 2.89474 0 
3.25 2.89474 0 
3.5 2.89474 0 
3.75 2.89474 0 
4 2.89474 0 
4.25 2.89474 0 
4.5 2.89474 0 
4.75 2.89474 0 
5 2.89474 0 
0.25 3.15789 0 
0.5 3.15789 0 
0.75 3.15789 0 
1 3.15789 0 
1.25 3.15789 0 
1.5 3.15789 0 
1.75 3.15789 0 
2 3.15789 0 
2.25 3.15789 0 
2.5 3.15789 0 
2.75 3.15789 0 
3 3.15789 0 
3.25 3.15789 0 
3.5 3.15789 0 
3.75 3.15789 0 
4 3.15789 0 
4.25 3.15789 0 
4.5 3.15789 0 
4.75 3.15789 0 
5 3.15789 0 
0.25 3.42105 0 
0.5 3.42105 0 
0.75 3.42105 0 
1 3.42105 0 
1.25 3.42105 0 
1.5 3.42105 0 
1.75 3.42105 0 
2 3.42105 0 
2.25 3.42105 0 
2.5 3.42105 0 
2.75 3.42105 0 
3 3.42105 0 
3.25 3.42105 0 
3.5 3.42105 0 
3.75 3.42105 0 
4 3.42105 0 
4.25 3.42105 0 
4.5 3.42105 0 
4.75 3.42105 0 
5 3.42105 0 
0.25 3.68421 0 
0.5 3.68421 0 
0.75 3.68421 0 
1 3.68421 0 
1.25 3.68421 0 
1.5 3.68421 0 
1.75 3.68421 0 
2 3.68421 0 
2.25 3.68421 0 
2.5 3.68421 0 
2.75 3.68421 0 
3 3.68421 0 
3.25 3.68421 0 
3.5 3.68421 0 
3.75 3.68421 0 
4 3.68421 0 
4.25 3.68421 0 
4.5 3.68421 0 
4.75 3.68421 0 
5 3.68421 0 
0.25 3.94737 0 
0.5 3.94737 0 
0.75 3.94737 0 
1 3.94737 0 
1.25 3.94737 0 
1.5 3.94737 0 
1.75 3.94737 0 
2 3.94737 0 
2.25 3.94737 0 
2.5 3.94737 0 
2.75 3.94737 0 
3 3.94737 0 
3.25 3.94737 0 
3.5 3.94737 0 
3.75 3.94737 0 
4 3.94737 0 
4.25 3.94737 0 
4.5 3.94737 0 
4.75 3.94737 0 
5 3.94737 0 
0.25 4.21053 0 
0.5 4.21053 0 
0.75 4.21053 0 
1 4.21053 0 
1.25 4.21053 0 
1.5 4.21053 0 
1.75 4.21053 0 
2 4.21053 0 
2.25 4.21053 0 
2.5 4.21053 0 
2.75 4.21053 0 
3 4.21053 0 
3.25 4.21053 0 
3.5 4.21053 0 
3.75 4.21053 0 
4 4.21053 0 
4.25 4.21053 0 
4.5 4.21053 0 
4.75 4.21053 0 
5 4.21053 0 
0.25 4.47368 0 
0.5 
4.47368 0 0.75 
4.47368 0 1 
4.47368 0 1.25 
4.47368 0 1.5 
4.47368 0 1.75 
4.47368 0 2 
4.47368 0 2.25 
4.47368 0 2.5 
4.47368 0 2.75 
4.47368 0 3 
4.47368 0 3.25 
4.47368 0 3.5 
4.47368 0 3.75 
4.47368 0 4 
4.47368 0 4.25 
4.47368 0 4.5 
4.47368 0 4.75 
4.47368 0 5 
4.47368 0 0.25 
4.73684 0 0.5 
4.73684 0 0.75 
4.73684 0 1 
4.73684 0 1.25 
4.73684 0 1.5 
4.73684 0 1.75 
4.73684 0 2 
4.73684 0 2.25 
4.73684 0 2.5 
4.73684 0 2.75 
4.73684 0 3 
4.73684 0 3.25 
4.73684 0 3.5 
4.73684 0 3.75 
4.73684 0 4 
4.73684 0 4.25 
4.73684 0 4.5 
4.73684 0 4.75 
4.73684 0 5 
4.73684 0 0.25 
5 0 0.5 
5 0 0.75 
5 0 1 
5 0 1.25 
5 0 1.5 
5 0 1.75 
5 0 2 
5 0 2.25 
5 0 2.5 
5 0 2.75 
5 0 3 
5 0 3.25 
5 0 3.5 
5 0 3.75 
5 0 4 
5 0 4.25 
5 0 4.5 
5 0 4.75 
5 0 5 
5 0 
