0.333333 0 0 
0.666667 0 0 
1 0 0 
1.33333 0 0 
1.66667 0 0 
2 0 0 
2.33333 0 0 
2.66667 0 0 
3 0 0 
3.33333 0 0 
3.66667 0 0 
4 0 0 
4.33333 0 0 
4.66667 0 0 
5 0 0 
0.333333 0.357143 0 
0.666667 0.357143 0 
1 0.357143 0 
1.33333 0.357143 0 
1.66667 0.357143 0 
2 0.357143 0 
2.33333 0.357143 0 
2.66667 0.357143 0 
3 0.357143 0 
3.33333 0.357143 0 
3.66667 0.357143 0 
4 0.357143 0 
4.33333 0.357143 0 
4.66667 0.357143 0 
5 0.357143 0 
0.333333 0.714286 0 
0.666667 0.714286 0 
1 0.714286 0 
1.33333 0.714286 0 
1.66667 0.714286 0 
2 0.714286 0 
2.33333 0.714286 0 
2.66667 0.714286 0 
3 0.714286 0 
3.33333 0.714286 0 
3.66667 0.714286 0 
4 0.714286 0 
4.33333 0.714286 0 
4.66667 0.714286 0 
5 0.714286 0 
0.333333 1.07143 0 
0.666667 1.07143 0 
1 1.07143 0 
1.33333 1.07143 0 
1.66667 1.07143 0 
2 1.07143 0 
2.33333 1.07143 0 
2.66667 1.07143 0 
3 1.07143 0 
3.33333 1.07143 0 
3.66667 1.07143 0 
4 1.07143 0 
4.33333 1.07143 0 
4.66667 1.07143 0 
5 1.07143 0 
0.333333 1.42857 0 
0.666667 1.42857 0 
1 1.42857 0 
1.33333 1.42857 0 
1.66667 1.42857 0 
2 1.42857 0 
2.33333 1.42857 0 
2.66667 1.42857 0 
3 1.42857 0 
3.33333 1.42857 0 
3.66667 1.42857 0 
4 1.42857 0 
4.33333 1.42857 0 
4.66667 1.42857 0 
5 1.42857 0 
0.333333 1.78571 0 
0.666667 1.78571 0 
1 1.78571 0 
1.33333 1.78571 0 
1.66667 1.78571 0 
2 1.78571 0 
2.33333 1.78571 0 
2.66667 1.78571 0 
3 1.78571 0 
3.33333 1.78571 0 
3.66667 1.78571 0 
4 1.78571 0 
4.33333 1.78571 0 
4.66667 1.78571 0 
5 1.78571 0 
0.333333 2.14286 0 
0.666667 2.14286 0 
1 2.14286 0 
1.33333 2.14286 0 
1.66667 2.14286 0 
2 2.14286 0 
2.33333 2.14286 0 
2.66667 2.14286 0 
3 2.14286 0 
3.33333 2.14286 0 
3.66667 2.14286 0 
4 2.14286 0 
4.33333 2.14286 0 
4.66667 2.14286 0 
5 2.14286 0 
0.333333 2.5 0 
0.666667 2.5 0 
1 2.5 0 
1.33333 2.5 0 
1.66667 2.5 0 
2 2.5 0 
2.33333 2.5 0 
2.66667 2.5 0 
3 2.5 0 
3.33333 2.5 0 
3.66667 2.5 0 
4 2.5 0 
4.33333 2.5 0 
4.66667 2.5 0 
5 2.5 0 
0.333333 2.85714 0 
0.666667 2.85714 0 
1 2.85714 0 
1.33333 2.85714 0 
1.66667 2.85714 0 
2 2.85714 0 
2.33333 2.85714 0 
2.66667 2.85714 0 
3 2.85714 0 
3.33333 2.85714 0 
3.66667 2.85714 0 
4 2.85714 0 
4.33333 2.85714 0 
4.66667 2.85714 0 
5 2.85714 0 
0.333333 3.21429 0 
0.666667 3.21429 0 
1 3.21429 0 
1.33333 3.21429 0 
1.66667 3.21429 0 
2 3.21429 0 
2.33333 3.21429 0 
2.66667 3.21429 0 
3 3.21429 0 
3.33333 3.21429 0 
3.66667 3.21429 0 
4 3.21429 0 
4.33333 3.21429 0 
4.66667 3.21429 0 
5 3.21429 0 
0.333333 3.57143 0 
0.666667 3.57143 0 
1 3.57143 0 
1.33333 3.57143 0 
1.66667 3.57143 0 
2 3.57143 0 
2.33333 3.57143 0 
2.66667 3.57143 0 
3 3.57143 0 
3.33333 3.57143 0 
3.66667 3.57143 0 
4 3.57143 0 
4.33333 3.57143 0 
4.66667 3.57143 0 
5 3.57143 0 
0.333333 3.92857 0 
0.666667 3.92857 0 
1 3.92857 0 
1.33333 3.92857 0 
1.66667 3.92857 0 
2 3.92857 0 
2.33333 3.92857 0 
2.66667 3.92857 0 
3 3.92857 0 
3.33333 3.92857 0 
3.66667 3.92857 0 
4 3.92857 0 
4.33333 3.92857 0 
4.66667 3.92857 0 
5 3.92857 0 
0.333333 4.28571 0 
0.666667 4.28571 0 
1 4.28571 0 
1.33333 4.28571 0 
1.66667 4.28571 0 
2 4.28571 0 
2.33333 4.28571 0 
2.66667 4.28571 0 
3 4.28571 0 
3.33333 4.28571 0 
3.66667 4.28571 0 
4 4.28571 0 
4.33333 4.28571 0 
4.66667 4.28571 0 
5 4.28571 0 
0.333333 4.64286 0 
0.666667 4.64286 0 
1 4.64286 0 
1.33333 4.64286 0 
1.66667 4.64286 0 
2 4.64286 0 
2.33333 4.64286 0 
2.66667 4.64286 0 
3 4.64286 0 
3.33333 4.64286 0 
3.66667 4.64286 0 
4 4.64286 0 
4.33333 4.64286 0 
4.66667 4.64286 0 
5 4.64286 0 
0.333333 5 0 
0.666667 5 0 
1 5 0 
1.33333 5 0 
1.66667 5 0 
2 5 0 
2.33333 5 0 
2.66667 5 0 
3 5 0 
3.33333 5 0 
3.66667 5 0 
4 5 0 
4.33333 5 0 
4.66667 5 0 
5 5 0 
