0.5 0 0 
1 0 0 
1.5 0 0 
2 0 0 
2.5 0 0 
3 0 0 
3.5 0 0 
4 0 0 
4.5 0 0 
5 0 0 
0.5 0.555556 0 
1 0.555556 0 
1.5 0.555556 0 
2 0.555556 0 
2.5 0.555556 0 
3 0.555556 0 
3.5 0.555556 0 
4 0.555556 0 
4.5 0.555556 0 
5 0.555556 0 
0.5 1.11111 0 
1 1.11111 0 
1.5 1.11111 0 
2 1.11111 0 
2.5 1.11111 0 
3 1.11111 0 
3.5 1.11111 0 
4 1.11111 0 
4.5 1.11111 0 
5 1.11111 0 
0.5 1.66667 0 
1 1.66667 0 
1.5 1.66667 0 
2 1.66667 0 
2.5 1.66667 0 
3 1.66667 0 
3.5 1.66667 0 
4 1.66667 0 
4.5 1.66667 0 
5 1.66667 0 
0.5 2.22222 0 
1 2.22222 0 
1.5 2.22222 0 
2 2.22222 0 
2.5 2.22222 0 
3 2.22222 0 
3.5 2.22222 0 
4 2.22222 0 
4.5 2.22222 0 
5 2.22222 0 
0.5 2.77778 0 
1 2.77778 0 
1.5 2.77778 0 
2 2.77778 0 
2.5 2.77778 0 
3 2.77778 0 
3.5 2.77778 0 
4 2.77778 0 
4.5 2.77778 0 
5 2.77778 0 
0.5 3.33333 0 
1 3.33333 0 
1.5 3.33333 0 
2 3.33333 0 
2.5 3.33333 0 
3 3.33333 0 
3.5 3.33333 0 
4 3.33333 0 
4.5 3.33333 0 
5 3.33333 0 
0.5 3.88889 0 
1 3.88889 0 
1.5 3.88889 0 
2 3.88889 0 
2.5 3.88889 0 
3 3.88889 0 
3.5 3.88889 0 
4 3.88889 0 
4.5 3.88889 0 
5 3.88889 0 
0.5 4.44444 0 
1 4.44444 0 
1.5 4.44444 0 
2 4.44444 0 
2.5 4.44444 0 
3 4.44444 0 
3.5 4.44444 0 
4 4.44444 0 
4.5 4.44444 0 
5 4.44444 0 
0.5 5 0 
1 5 0 
1.5 5 0 
2 5 0 
2.5 5 0 
3 5 0 
3.5 5 0 
4 5 0 
4.5 5 0 
5 5 0 
