0.815 4.83 0 
2.46 8.175 0 
1.6 2.875 0 
0.5 8.86 0 
1.095 2.305 0 
2.65 8.935 0 
1.075 6.295 0 
1.15 0.43 0 
1.71 8.33 0 
0.29 7.88 0 
0.58 6.84 0 
0.42 2.545 0 
0.82 4.45 0 
1.39 8.415 0 
1.175 8.875 0 
2.86 7.81 0 
0.24 6.09 0 
0.67 1.635 0 
2.15 1.08 0 
1.34 7.41 0 
1.65 6.065 0 
1.185 4.995 0 
1.69 8.285 0 
0.28 5.62 0 
1.345 7.05 0 
0.13 6.43 0 
0.71 2.1 0 
2.935 6.165 0 
0.79 1.05 0 
1.13 7.605 0 
2.355 4.225 0 
0.745 5.235 0 
0.13 0.525 0 
1.22 3.845 0 
2.36 4.885 0 
2.43 4.675 0 
0.465 5.925 0 
0.655 1.635 0 
2.74 2.62 0 
2.46 9.15 0 
1.28 2.04 0 
0.045 1.89 0 
0.04 9.12 0 
0.42 4.455 0 
1.105 7.195 0 
2.685 1.7 0 
2.44 2.84 0 
2.96 0.06 0 
1.52 1.33 0 
1.755 1.695 0 
0.66 5.65 0 
1.81 4.69 0 
1.6 0.605 0 
0.19 4.11 0 
0.075 4.06 0 
2.465 3.38 0 
2.03 4.2 0 
0.13 4.005 0 
2.28 0.845 0 
2.675 5.095 0 
1.985 8.045 0 
0.765 6.985 0 
2.595 1.255 0 
0.915 1.775 0 
1.83 1.435 0 
1.8 8.48 0 
0.655 6.565 0 
0.405 3.225 0 
2.75 7.015 0 
0.52 7.12 0 
0.035 5.155 0 
0.97 1.745 0 
2.28 3.295 0 
1.035 7.24 0 
1.655 7.975 0 
1.865 5.945 0 
2.88 0.415 0 
1.99 5.225 0 
0.16 1.255 0 
0.41 0.975 0 
2.365 4.24 0 
1.27 3.54 0 
2.72 0.95 0 
2.18 5.5 0 
2.275 1.62 0 
2.22 6.57 0 
2.47 7.68 0 
1.275 3.655 0 
1.195 7.825 0 
0.36 8.88 0 
2.81 1.555 0 
0.415 0.94 0 
1.645 9.035 0 
2.1 6.605 0 
2.095 3.975 0 
0.7 3.785 0 
1.62 4.565 0 
1.285 6.54 0 
0.66 7.855 0 
0.63 7.245 0 
