0.815 4.83 0 
2.46 8.175 0 
1.6 2.875 0 
0.5 8.86 0 
1.095 2.305 0 
2.65 8.935 0 
1.075 6.295 0 
1.15 0.43 0 
1.71 8.33 0 
0.29 7.88 0 
0.58 6.84 0 
0.42 2.545 0 
0.82 4.45 0 
1.39 8.415 0 
1.175 8.875 0 
2.86 7.81 0 
0.24 6.09 0 
0.67 1.635 0 
2.15 1.08 0 
1.34 7.41 0 
1.65 6.065 0 
1.185 4.995 0 
1.69 8.285 0 
0.28 5.62 0 
1.345 7.05 0 
0.13 6.43 0 
0.71 2.1 0 
2.935 6.165 0 
0.79 1.05 0 
1.13 7.605 0 
2.355 4.225 0 
0.745 5.235 0 
0.13 0.525 0 
1.22 3.845 0 
2.36 4.885 0 
2.43 4.675 0 
0.465 5.925 0 
0.655 1.635 0 
2.74 2.62 0 
2.46 9.15 0 
1.28 2.04 0 
0.045 1.89 0 
0.04 9.12 0 
0.42 4.455 0 
1.105 7.195 0 
2.685 1.7 0 
2.44 2.84 0 
2.96 0.06 0 
1.52 1.33 0 
1.755 1.695 0 
0.66 5.65 0 
1.81 4.69 0 
1.6 0.605 0 
0.19 4.11 0 
0.075 4.06 0 
2.465 3.38 0 
2.03 4.2 0 
0.13 4.005 0 
2.28 0.845 0 
2.675 5.095 0 
1.985 8.045 0 
0.765 6.985 0 
2.595 1.255 0 
0.915 1.775 0 
1.83 1.435 0 
1.8 8.48 0 
0.655 6.565 0 
0.405 3.225 0 
2.75 7.015 0 
0.52 7.12 0 
0.035 5.155 0 
0.97 1.745 0 
2.28 3.295 0 
1.035 7.24 0 
1.655 7.975 0 
1.865 5.945 0 
2.88 0.415 0 
1.99 5.225 0 
0.16 1.255 0 
0.41 0.975 0 
2.365 4.24 0 
1.27 3.54 0 
2.72 0.95 0 
2.18 5.5 0 
2.275 1.62 0 
2.22 6.57 0 
2.47 7.68 0 
1.275 3.655 0 
1.195 7.825 0 
0.36 8.88 0 
2.81 1.555 0 
0.415 0.94 0 
1.645 9.035 0 
2.1 6.605 0 
2.095 3.975 0 
0.7 3.785 0 
1.62 4.565 0 
1.285 6.54 0 
0.66 7.855 0 
0.63 7.245 0 
0.085 0.02 0 
2.03 0.815 0 
2.83 6.69 0 
1.225 6.2 0 
2.405 2.89 0 
0.795 8.64 0 
0.6 1.985 0 
1.84 0.18 0 
0.4 0.315 0 
0.84 2.915 0 
0.25 1.895 0 
0.875 0.025 0 
0.41 1.55 0 
0.01 8.695 0 
2.53 6.13 0 
0.795 6.41 0 
0.165 5.12 0 
1.955 4.335 0 
2.805 8.42 0 
0.94 4.655 0 
1.675 3.94 0 
1.24 0.315 0 
2.72 7.44 0 
1.31 1.51 0 
0.82 1.05 0 
2.52 5.805 0 
0.59 7.85 0 
2.825 6.125 0 
2.46 2.88 0 
1.955 6.33 0 
0.27 6.125 0 
1.405 2.68 0 
2.25 7.49 0 
0.22 1.385 0 
0.465 2.12 0 
1.08 2.58 0 
2.665 3.895 0 
1.2 5.75 0 
2.305 6.355 0 
2.31 3.655 0 
1.56 5.45 0 
1.1 7.07 0 
2.03 2.815 0 
0.05 4.305 0 
0.565 3.38 0 
0.3 8.465 0 
1.43 7.94 0 
1.045 8.275 0 
1.975 2.73 0 
2.65 6.7 0 
2.195 3.22 0 
1.365 1.71 0 
2.955 5.935 0 
1.065 5.98 0 
1.865 8.49 0 
2.185 4.26 0 
2.12 3.66 0 
2.25 8.845 0 
1.015 2.85 0 
2.565 5.935 0 
1.095 2.105 0 
2.075 3.26 0 
1.475 3.875 0 
0.01 3.795 0 
1.17 8.72 0 
2.675 2.255 0 
0.31 4.335 0 
2.14 0.34 0 
0.295 8.15 0 
2.325 0.89 0 
0.495 0.52 0 
2.255 5.945 0 
1.6 4.005 0 
0.69 4.42 0 
0.725 6.26 0 
0.985 6.85 0 
0.035 0.125 0 
1.135 8.895 0 
0.095 6.21 0 
1.75 4.365 0 
0.715 7.75 0 
1.53 8.15 0 
2.155 7.305 0 
1.08 0.68 0 
0.795 8.575 0 
1.51 1.22 0 
1.72 3.445 0 
0.81 4.08 0 
2.19 0.275 0 
2.84 5.11 0 
1.54 3.42 0 
1.64 2.425 0 
0.685 6.635 0 
2.98 4.265 0 
0.71 8.57 0 
1.815 6.095 0 
2.96 9.01 0 
2.225 6.73 0 
0.82 7.305 0 
1.485 7.14 0 
